9E: 0.034664900204487197
AA: 0.01854547330317554
AQ: 0.013121600946988733
AS: 0.018843674225934994
B6: 0.010220761415966534
CO: 0.007123753330406999
DH: 0.03199782987301006
DL: 0.01569597427972556
EV: 0.030481517316332887
F9: 0.005785725845606085
FL: 0.01056671955682329
HA: 0.0037734377707690707
HP: 0.01231810238869316
MQ: 0.03586947805733007
NW: 0.013616133490686392
OH: 0.032371985718373436
OO: 0.021967517483314807
TZ: 0.01106899529795605
UA: 0.015121683616568503
US: 0.015117862201499634
WN: 0.009402765086571804
XE: 0.021718034424247926
YV: 0.03793887957570837
